4:
[249, 248, 248, 245, 245]
8:
[453, 450, 444, 448, 449]
16:
[908, 901, 905, 905, 909]
32:
[1528, 1474, 1469, 1482, 1473]
64:
[4.71, 4.62, 4.65, 4.38, 4.69]
128:
[21.6, 21.6, 21.57, 22.2, 22.1]
256:
[194, 189, 193, 193, 192]

===================
4:
[0.47, 0.48, 0.57, 0.49, 0.49]
8:
[0.53, 0.49, 0.48, 0.49, 0.49]
16:
[0.49, 0.45, 0.45, 0.45, 0.45]
32:
[0.43, 0.43, 0.43, 0.42, 0.43]
64:
[0.4, 0.38, 0.38, 0.41, 0.43]
128:
[0.38, 0.38, 0.38, 0.38, 0.41]
256:
[0.39, 0.39, 0.39, 0.39, 0.39]
512:
[0.41, 0.46, 0.41, 0.4, 0.41]
1024:
[0.45, 0.44, 0.45, 0.45, 0.45]
2048:
[0.57, 0.55, 0.55, 0.55, 0.55]
4096:
[1.34, 1.31, 1.31, 1.31, 1.31]
8192:
[2.98, 2.96, 2.96, 2.96, 2.96]
16384:
[7.31, 7.33, 7.3, 7.3, 7.28]